iter  0 residual =    0.286782E-04
Converged
   0.101010E-01   0.317306E-01   0.317279E-01
   0.202020E-01   0.634292E-01   0.634239E-01
   0.303030E-01   0.950640E-01   0.950560E-01
   0.404040E-01   0.126603       0.126592    
   0.505051E-01   0.158015       0.158001    
   0.606061E-01   0.189267       0.189251    
   0.707071E-01   0.220329       0.220311    
   0.808081E-01   0.251169       0.251148    
   0.909091E-01   0.281756       0.281733    
   0.101010       0.312060       0.312033    
   0.111111       0.342049       0.342020    
   0.121212       0.371694       0.371662    
   0.131313       0.400964       0.400931    
   0.141414       0.429831       0.429795    
   0.151515       0.458265       0.458227    
   0.161616       0.486238       0.486197    
   0.171717       0.513720       0.513677    
   0.181818       0.540686       0.540641    
   0.191919       0.567107       0.567060    
   0.202020       0.592958       0.592908    
   0.212121       0.618211       0.618159    
   0.222222       0.642842       0.642788    
   0.232323       0.666825       0.666769    
   0.242424       0.690137       0.690079    
   0.252525       0.712754       0.712694    
   0.262626       0.734653       0.734592    
   0.272727       0.755813       0.755750    
   0.282828       0.776212       0.776146    
   0.292929       0.795829       0.795762    
   0.303030       0.814644       0.814576    
   0.313131       0.832640       0.832570    
   0.323232       0.849797       0.849725    
   0.333333       0.866098       0.866025    
   0.343434       0.881527       0.881453    
   0.353535       0.896069       0.895994    
   0.363636       0.909708       0.909632    
   0.373737       0.922432       0.922354    
   0.383838       0.934226       0.934148    
   0.393939       0.945080       0.945001    
   0.404040       0.954982       0.954902    
   0.414141       0.963923       0.963842    
   0.424242       0.971893       0.971812    
   0.434343       0.978885       0.978802    
   0.444444       0.984890       0.984808    
   0.454545       0.989905       0.989821    
   0.464646       0.993922       0.993838    
   0.474747       0.996938       0.996855    
   0.484848       0.998951       0.998867    
   0.494949       0.999958       0.999874    
   0.505051       0.999958       0.999874    
   0.515152       0.998951       0.998867    
   0.525253       0.996938       0.996855    
   0.535354       0.993922       0.993838    
   0.545455       0.989905       0.989821    
   0.555556       0.984890       0.984808    
   0.565657       0.978885       0.978802    
   0.575758       0.971893       0.971812    
   0.585859       0.963923       0.963842    
   0.595960       0.954982       0.954902    
   0.606061       0.945080       0.945001    
   0.616162       0.934226       0.934148    
   0.626263       0.922432       0.922354    
   0.636364       0.909708       0.909632    
   0.646465       0.896069       0.895994    
   0.656566       0.881527       0.881453    
   0.666667       0.866098       0.866025    
   0.676768       0.849797       0.849725    
   0.686869       0.832640       0.832570    
   0.696970       0.814644       0.814576    
   0.707071       0.795829       0.795762    
   0.717172       0.776212       0.776146    
   0.727273       0.755813       0.755750    
   0.737374       0.734653       0.734592    
   0.747475       0.712754       0.712694    
   0.757576       0.690137       0.690079    
   0.767677       0.666825       0.666769    
   0.777778       0.642842       0.642788    
   0.787879       0.618211       0.618159    
   0.797980       0.592958       0.592908    
   0.808081       0.567107       0.567060    
   0.818182       0.540686       0.540641    
   0.828283       0.513721       0.513677    
   0.838384       0.486238       0.486197    
   0.848485       0.458265       0.458227    
   0.858586       0.429831       0.429795    
   0.868687       0.400964       0.400931    
   0.878788       0.371694       0.371662    
   0.888889       0.342049       0.342020    
   0.898990       0.312060       0.312033    
   0.909091       0.281756       0.281733    
   0.919192       0.251169       0.251148    
   0.929293       0.220329       0.220311    
   0.939394       0.189267       0.189251    
   0.949495       0.158015       0.158001    
   0.959596       0.126603       0.126592    
   0.969697       0.950640E-01   0.950560E-01
   0.979798       0.634292E-01   0.634239E-01
   0.989899       0.317306E-01   0.317279E-01
